Курица 200 20 8 0 190
Молоко 250 8 12 12 150
Огурец 150 1 0 4 15
Помидор 120 0.7 0.2 3 18
Рис 300 7 1 68 310
Гречка 200 12 3 62 360
Свекла 180 2 0.1 12 48
Масло 20 20 25 0 220
Сахар 50 0 0 12 48
Соль 5 0 0 0 0
Мука 150 8 1 65 310
Яйцо 60 6 5 1 70
Морковь 120 1 0.3 7 32
Лук 80 1 0.1 8 40
Чеснок 30 1.5 0.5 5 23
Перец 10 0.5 0.3 1 5
Сыр 50 10 5 1 110
Картофель 200 2 0.4 18 80
Творог 150 18 5 2 120
Свинина 300 20 15 0 250
Говядина 250 25 15 0 300
Кефир 200 3 2 4 50
Сметана 100 3 20 5 150
Грецкий орех 30 4 20 10 200
Апельсин 120 1 0.2 12 48
Банан 150 1.5 0.5 20 90
Ананас 200 0.5 0.3 22 84
Мандарин 80 0.8 0.3 8 36
Капуста 150 1 0.1 5 25
